spawns:
  default:
    world: 72eef361-710e-4981-ac52-0d0ee680a3b1
    world-name: world
    x: 287.4903416802811
    y: 74.0
    z: -51.72474737988644
    yaw: -178.5511016845703
    pitch: 55.844303131103516
  '*':
    world: 72eef361-710e-4981-ac52-0d0ee680a3b1
    world-name: world
    x: 287.5368981686939
    y: 73.875
    z: -51.35523353891999
    yaw: 174.2229766845703
    pitch: 82.94996643066406
