world: 72eef361-710e-4981-ac52-0d0ee680a3b1
world-name: world
x: 287.4881628982788
y: 84.0
z: 9.504107782872454
yaw: 5.478759765625
pitch: 39.627479553222656
name: encantamientons
lastowner: 76e8e215-45f8-3bab-88b7-f1c06238849b
