world: 72eef361-710e-4981-ac52-0d0ee680a3b1
world-name: world
x: 249.50218151209447
y: 74.0
z: -51.453882750424775
yaw: 93.28266906738281
pitch: 44.42715835571289
name: gacha
lastowner: 76e8e215-45f8-3bab-88b7-f1c06238849b
