world: 72eef361-710e-4981-ac52-0d0ee680a3b1
world-name: world
x: 286.51451998410784
y: 72.875
z: -90.2956035105319
yaw: -178.380615234375
pitch: 25.379892349243164
name: tienda
lastowner: 76e8e215-45f8-3bab-88b7-f1c06238849b
